1994
1972
2008
1974
1957
2003
1994
1993
2010
1999
2001
1994
1966
2002
1999
1990
1980
1975
2020
2019
2020
2014
2002
2001
1998
1999
1997
1995
1991
1977
1962
1954
1946
2019
2014
2011
2006
2006
2002
2000
1998
1995
1994
1994
1991
1988
1988
1985
1968
1960
1942
1936
1931
2018
2017
2017
2016
2016
2018
2019
2018
2017
2012
2012
2009
2007
2008
2006
2003
2000
1997
1984
1981
1980
1979
1979
1971
1963
1964
1957
1957
1954
1950
1940
2019
2018
2018
2013
2012
2011
2010
2019
2005
2009
2004
2001
2000
2000
1999
1997
1997
1995
1995
1992
1987
1985
1986
1984
1983
1983
1981
1976
1973
1971
1968
1965
1962
1960
1959
1958
1952
1952
1948
1944
1941
1931
1927
1921
2019
2018
2018
2018
2017
2015
2017
2019
2015
2013
2013
2013
2012
2010
2012
2009
2011
2010
2009
2013
2007
2007
2006
2010
2005
2006
2005
2005
2004
2004
2004
2001
2000
1998
1997
1996
1995
1995
1994
1992
1989
1988
1988
1988
1985
1980
1979
1978
1976
1975
1975
1963
1962
1961
1961
1959
1957
1957
1955
1954
1953
1950
1950
1948
1942
1925
1924
2019
2016
2016
2016
2016
2014
2014
2017
2015
2014
2020
2014
2014
2012
2014
2014
2012
2016
2015
2012
2013
2013
2019
2015
2014
2012
2011
2013
2015
2008
2008
2011
2008
2009
2009
2010
2007
2007
2006
2004
2004
2004
2004
2003
2003
2001
2003
2003
2002
2000
2001
1997
2001
1999
1998
1998
1998
1998
2000
1996
1996
1995
1995
1995
1995
1994
1994
1993
1993
1993
1991
1989
1986
1986
1984
1984
1982
1982
1982
1982
1982
1980
1979
1978
1976
1976
1975
1975
1974
1973
1972
1972
1967
1967
1966
1966
1966
1962
1962
1962
1962
1962
1960
1960
1959
1959
1958
1957
1957
1957
1954
1953
1951
1949
1949
1948
1940
1940
1939
1939
1937
1934
1928
1928
1927
1926
1920
2018
2019
2016
2015
2015
2016
2016
2015
2016
2015
2013
2017
2019
2013
2013
2014
2014
2014
2017
2013
2018
2015
2012
2010
2010
2011
2016
2009
2009
2008
2010
2009
2008
2010
2007
2012
2007
2013
2006
2006
2007
2004
2005
2007
2004
2007
2006
2004
2003
2003
2014
2005
2003
2002
2003
2003
2004
2001
2003
2001
2001
1999
2000
1999
1997
1998
1998
1999
1997
1996
1996
1995
1995
1993
1993
1993
1992
1992
1991
1991
1990
1989
1988
1988
1987
1987
1987
1986
1984
1982
1980
1979
1977
1975
1975
1974
1973
1973
1972
1971
1971
1970
1969
1968
1968
1967
1966
1965
1965
1964
1963
1962
1961
1960
1959
1959
1958
1958
1957
1956
1955
1954
1955
1953
1953
1951
1950
1949
1948
1947
1945
1944
1946
1942
1941
1940
1939
1939
1934
1930
1925
2019
2020
2018
2019
2017
2016
2018
2016
2016
2016
2017
2014
2019
2016
2015
2013
2014
2011
2011
2014
2012
2019
2009
2009
2008
2009
2008
2007
2014
2007
2009
2008
2007
2006
2006
2012
2009
2005
2004
2008
2004
2004
2003
2004
2002
2002
2001
2001
2002
2000
2006
2000
2001
1999
1997
1995
1994
1993
1993
1993
1993
1990
1989
1989
1987
1986
1985
1984
1983
1980
1979
1979
1978
1976
1973
1973
1972
1972
1971
1970
1969
1968
1968
1967
1963
1962
1960
1960
1959
1956
1956
1955
1952
1951
1950
1947
1946
1946
1945
1940
1940
1938
1935
1933
1932
1922
2019
2018
2019
2016
2017
2016
2016
2017
2016
2016
2016
2016
2015
2016
2016
2015
2019
2017
2014
2013
2013
2013
2012
2014
2013
2012
2013
2019
2013
2012
2014
2015
2010
2010
2011
2013
2010
2015
2009
2008
2013
2009
2009
2020
2020
2010
2008
2008
2007
2012
2007
2007
2011
2007
2009
2009
2006
2006
2007
2008
2004
2005
2005
2005
2003
2005
2005
2003
2004
2004
2002
2003
2000
2002
2001
2000
2000
1999
2000
1999
1999
1999
2001
1997
1997
1997
1997
1996
1994
1993
1993
1993
1993
1993
1993
1993
1993
1992
1991
1991
1991
1990
1990
1989
1989
1989
1989
1988
1987
1987
1986
1986
1985
1985
1985
1984
1984
1983
1982
1982
1979
1978
1976
1975
1974
1973
1973
1973
1972
1971
1969
1967
1967
1967
1964
1964
1962
1962
1961
1960
1948
1948
1944
1943
1939
1938
1938
1935
1933
1932
1931
2018
2017
2018
2017
2017
2018
2015
2014
2014
2014
2014
2014
2015
2014
2013
2013
2012
2014
2011
2013
2012
2015
2011
2011
2014
2013
2013
2015
2010
2011
2009
2012
2012
2012
2009
2010
2008
2008
2006
2008
2010
2006
2006
2006
2014
2006
2006
2007
2006
2005
2007
2010
2006
2005
2007
2004
2004
2004
2004
2004
2003
2005
2004
2009
2003
2002
2003
2002
2001
2002
2001
2002
2001
2000
2001
2001
2000
2000
2002
1999
1999
1998
2001
1998
1997
1999
1997
1997
1998
1997
1996
1996
1996
1995
1995
1994
1994
1993
1993
1992
1992
1992
1992
1992
1992
1991
1991
1990
1988
1988
1987
1987
1987
1986
1986
1985
1985
1983
1982
1982
1982
1980
1980
1979
1978
1976
1975
1974
1974
1973
1973
1972
1971
1971
1968
1968
1967
1967
1966
1965
1964
1964
1963
1962
1960
1960
1960
1956
1955
1955
1954
1952
1951
1951
1946
1940
1933
2019
2018
2019
2017
2017
2019
2017
2019
2015
2015
2017
2017
2017
2015
2018
2016
2015
2015
2014
2016
2013
2014
2012
2011
2012
2010
2018
2010
2010
2010
2011
2010
2009
2011
2011
2009
2008
2009
2009
2007
2008
2007
2007
2009
2006
2007
2007
2006
2006
2004
2009
2006
2005
2009
2005
2004
2008
2004
2003
2004
2003
2003
2002
2004
2002
2004
2002
2000
2001
2001
2001
2001
2001
2001
2002
1999
2000
1998
1998
1998
1998
1997
1998
1996
1997
1995
1995
1995
1995
1995
1994
1993
1993
1992
1991
1991
1990
1990
1989
1989
1988
1987
1987
1984
1981
1981
1979
1979
1979
1978
1978
1977
1973
1971
1970
1967
1966
1964
1961
1956
1953
1944
1935